	4854_0673_ITS-NL2_1	4854_0674_ITS-NL2_2	4854_0675_ITS-NL2_3	4854_0676_ITS-NL2_4	4854_0677_ITS-NL2_5	4854_0678_ITS-NL2_6	4854_0679_ITS-NL2_7
4854_0673_ITS-NL2_1	0	0.9409075926520197	0.6444105864183474	0.5128207912052559	0.6263252642570643	0.630386018813218	0.427891202876469
4854_0674_ITS-NL2_2	0.9409075926520197	0	1.124270526191735	1.076015185759987	1.125399453281391	1.070767974440287	0.9685901148158165
4854_0675_ITS-NL2_3	0.6444105864183474	1.124270526191735	0	0.4102207249749121	0.03223578956520048	0.2842004571396784	0.4435261341070882
4854_0676_ITS-NL2_4	0.5128207912052559	1.076015185759987	0.4102207249749121	0	0.3854474640096377	0.4330426456891148	0.2992395086423023
4854_0677_ITS-NL2_5	0.6263252642570643	1.125399453281391	0.03223578956520048	0.3854474640096377	0	0.3111871941888179	0.420319013095934
4854_0678_ITS-NL2_6	0.630386018813218	1.070767974440287	0.2842004571396784	0.4330426456891148	0.3111871941888179	0	0.4572421987697298
4854_0679_ITS-NL2_7	0.427891202876469	0.9685901148158165	0.4435261341070882	0.2992395086423023	0.420319013095934	0.4572421987697298	0
